$ANSIBLE_VAULT;1.1;AES256
38653638643530326533633561343639383339353032346139613766383039643333316462373437
3633366135343035386535333938336332303432366136360a643434306336333137323438383830
30653533303337366562633235353865366435353232303862376338343164633939343939646532
6163356130666335630a356465333863333064363163303563323037663733366136363636366439
39653965653962663336633035303235383434633835633965303432346634623737663835616632
64356130323130636463303034616162663862633065303130653934346362623730323539333163
35356162633839613135386464313536616535663436616539633231306434376263613833626561
31393535653362303666663964616137393331353834333034356337313865313037613261323564
63626262663335333837346632643130313162613235313634336637363235303662316461633539
34653764633765363262356164643334336636633632663937353632313161636563346264663139
38663433643430356161393163363835636532336537333335353639656662383630346636323335
66643736633030376163303261366637336235366133653436383832303766306361623566326262
39326132306530373933643561623335303334666562363439626331326130383562653663646430
63613262343330396262633831303233343139663137396134393162623033313130613466333134
61616239353132633665613866663936656663303161313837396433313033303333306639386638
62306663323132356235366263393639653664393336623231316633613539326439643165343338
38613739343936633663633366346239383162383165383131633830363162376464656364303438
61306533303061336132346330653331333563316234643736636234373339616464343337376531
32353038653663356230326365643334333537636330306236396364376532383539313530653838
64373235333862366563646632613234356663316465306536363466393261333661383263326133
38353663363464616335323537326131326662633061326339333563396430326265663532376134
34303934323565313638326437663533646664623763386334626631373863393733653930626461
38613435306364383436643866336636313735663235373866376333333663663136393836653431
62646134656566396130363033373566393634626337646366656532336638333237643535333065
63323038366439393834363563383530333939353630626462613033636561623937363933326165
64633834393631653534616563396138366366306136393730646230636263623832333565613635
36326361626364376639616330363133653831633933343637376234383265393935306437333163
65636565663863643863363164393362323866656465323965643639373234393037623434356562
38656662306535623139316635353935633665656538666432623130373839346134343531376266
37663933373732343534333836626436313838623230316562653066336264383438383864313031
36626638633035663030333937353436663836653064616361376463366438343232393038623365
63313565613966366330393431613961313132383665626334373861373539653962396562323533
32346262343734343835336162373163613964393932363364366265396566623439663336316335
36663761363966346632363131396562323038356131653739363039343361373164656334666135
34643038663536393461353233383439343031393764323739376536383934363334353231313730
61666362386431663930313130386661313539653634613165376461376532646463376239396264
36656566356533333232303039393035373930343331353261316237633365303063363235386664
34663232656361663664353038363630643632326431363536313362373331323164353838396264
63393131333731356561333330636533656665613836386130623534333461303063613564613561
32303731623436633637366366313333336532336338616134343561366234353238316466316332
64376330383937646136373262613264633666616239613931313864616265383864383666396333
30623030386533366334303230373233663135303761646630323164396335373935633761333737
37653437633934663937633563613638396166623937326632306261353836376164336535386531
39633932346264656131303561643035666433636530663763663930343139643066336638303766
35653265386231303238646530353265396138366335633833346236636463343564633236623265
63306561336465383662666164333930323031336261353333373764303739313933386664616234
35326563323739303964323135376362376133323366653163376262653135336533616463303463
30343465336139363565663537616135323861306234343265346135316563616637316536613036
33616439303132363636343730666134316437616230386131343730653466323533616132663731
31656636346635323633326538626462643337663162316238366132373336353661616534646661
32393039663635656565613065303034383863316632333637343633303732373239363963393664
34366236313731313132663039656436633232356636303863353161306433623038616363316266
38663934646662326337313865336637643132633235343232346361353134343066356133616634
64366532336262383939376635333566376162633133653237646664363965663262303731336135
63333262613530336262633566336661373339363832633765646331376630356437343532326366
61643437653466383166646561383135366438656265353838623437366661376265653562383735
32643763633030613964396166323265653731343466343931336332366438373061333533393863
34626361613965383337303233323561366162303266613239636634356330336263343937346232
36333764663036343431383937623066383866313064656636656430613938636639643461613365
35343265646435653232616132666635383663336135376435326630393631376331393464663561
39326365396538623032383962636536333363303932396663353036386363656262393635303534
31303765323731616637613461373431353935396265626135343862336130613830646138663839
63303863363933393937636138663231373337393733366135323734616336393764666132373030
65353033613232326337373130316136303733373035333735373034316461626261373266343633
35356438643137663466383432316233313961643561616335343063323536646333616531633430
30653435646236616663386133323835306332636563343439383537623163663735356133643966
38363661633765373164363235393262653431323762333532393063626262633638636535613438
36616633343033396130373630643735623532313166633932646237376633616662633230666562
38316130363435393565663731663763363238333937346335373364326435383535643562373237
34323936303533363830363934363839616361613736623265316564653233353661623263623132
37343634316136323133326164376637636430326336306663643961346230353933663462353632
66313130353936343639633261653738623133366663313965623632343833633838313437326563
37386535643864643065393562333065386263343633346336636162663731303263376636613038
62313430323835366237643763376461623734323138613662363738613364353764303436393066
34373135313836653234316136323735666538346133643739653739643766653438356232613239
35323734316562623262623139313466663038303133663335366563356361303036326430353535
65326336386161323762663630636234616439613131313138623666656331306264353939653664
66373732326336613830326433396130343539633531346566613465386637393130353561393732
31316136396364336461323565363931366333323037643631663864636139643565623636373362
35663632636261336663393239343364313761653932393539633639373239376230303632373466
37373238643337363139356337383431643731633130623561306334626365383537636135376532
35393631376535626462376564393830636436313737326134356134386562326635323730643961
31653234346333633365656438313537373364336430326336646462363431643663363364343664
38313036633837363437396439616432643232353532613134353137393131303062396634353864
36663831353535306465363931363035346539373562316236623034646564393462626237383539
39333533396438376333373834363631393263346533346138633061663434313234643934346533
65386566623563633236356537646431646130393134303835303962323963323166366637323632
37383163326535306662326639336238663136616138656366613061353162383166363835643637
33373866313134356436303862663339376365333230613032656433663333343663323837323235
33376430346433373736323537333939613531366430323138303630393233333336336165356335
66316334383231303738613234643364396233303261636564333530383932383834636135386265
30386234653461323331373936356433333037383566643665373532326532663134393832313864
36306536363835633965363033633232376662383435303766343638393565623061666630333265
30393930653138616663396137636163393635383962343165373330313330306166633739303831
62386235383737616664643835323633323038653533323865343133643239636463346465393062
32353731326635613737343232646630643330666135386335313062656137383535366230616363
63343337323866656135633835326433323031396230383761313533633832346630643238303361
36313763343663643261616133346332633663316239393561373738613539343463326562663565
64366264393063346162356366386432303565623031633735623662316138643035656532303339
38306263666261326536636363363261353532336137356663663662633633303439656666643666
61663736396337643138393466626538383039386137353762356164653536333434366132623432
33386130653135376566313466653431346238326539626539646339383639313931313034616665
34616162626438633761663531356134663734643436393464613137396466313832353232363933
62393165363661656330643138333966373537626333643961326136323065393336393236396165
37363937613461383065663766333866346133643563386136623736623464653361666231396161
63343530616231333365396438376437323066656631343062636631616162643239316238393035
33616533396238326236633635306662386663613662383930336230316233616538383339656665
65653166613134333436366566303333313434386634323862333034393961643130356238653233
35666338623432636162646164366435343831303663363962613031346138386466343436623562
33353439303263626266376162623163383465306333663162326331623936373566373133343939
66383264353739306435306465366133393161366563343030313738313264373365396236656263
61643239316136626664333864376436343434343461643139306534353835613161636633623232
33653263623665646265346531363461636162393930316438393030376363343539336561623966
36653531306566343763623966613831356433363666336234383361323030313033336239393364
65303734353133633265653961313064383535613165333763383030343031383738643365326361
65396262373935326230376261396265633338656334333363646362613033643739653239313163
62613466393437666335373037633961336131323261383265626132333033306330653931333965
31663233626334613961336463663334333166636434336433613065623066396330346361373166
37626635656666643730663966343265646531336538313233303335383833353237623565303130
37323966646362613762353732316431643531386566623236333133313432646562353561346265
65303865376138386163333565633963663439346165616263643233323261333133333163323137
63393066626537306135626261653930663139333238313034346337633635396235363437303161
63646635623633306162333537653862303635623662386265366139323166353438343332626261
64643332323037613834363933356561636430393064313766363965633130646263346633396430
61643863316564376662663664313433626565306235353432326433656361363136326562353738
33353864373633326332643962313264323865303531613463376232333939333763366539656364
32663534346536303132353134366630633831333337316161366565363138386238643462326238
37316635616461613131396264326562303133313835663431616665306166333035323836303363
62333735303434393133666438653232376634383163326536346465393234363839383266313539
62633466346239666239303631386534313630356330366162336130336338643233363736353036
32646166623035306433326165306239663662343362336564623637326430353735336263623961
32383262343464383432663638306631343132386661663539643336313963396337373965326236
66666538643866306266383732386266383664656233346532653832653437666630633563393839
6233306436336666353162643133373935306431393033353462
