$ANSIBLE_VAULT;1.1;AES256
36353632653132353566626639383735346436613931633036306564666635323434356535636232
3035626533353864623439616531333934316133656537630a636235383034396465626438626232
62326237613836616236393230386230643930393161613561303430393239383265313738663061
3538366330623532300a313661386263623131313537393434663330663236333862636266343230
65613830626334363966396236633837306634323563323665663937346433366264623337643766
37663335633534633065623363343861616433313733393431346135333132366131323438633061
66323038363037353965613637643732373337653231613633353263643738306333623234303137
64326565303030326665653163333730353333353239623530613031626566346133636333353363
36633535383535626165306465333862383062303034616535326632643462623230383136376338
30306539326533616237363862373866616166326339636561363333396563643361633634363537
66393163306433336265633766326661353265313539343162373763386463613762346366316537
63313134373838383965636561393462323835333662393932306233306436663030643330666130
37353865623637613863383739316530353963326130366463303563313366396537353637633237
34343064393866313762383430366366306566633538666266326264663638373461373635646639
65623335346239323732396463323161306135306263383063656564623336333961383932336462
31323237363763623139326538346632393733646663623264343133353036346539653036613463
65613935313862316432646630636137656630306531386165656666343965626334313933366432
62366433383239626166363363666431656535623764663735353532653735653137313433613566
36616366633465643937343266643233353333353162363335333735646232636432613633353134
37646362353365643334396337633964366565303739316566336462616137633763653737653530
37376262646139323839353636653462613366653734376538323563343436633363613231653866
66663761363361303536636362336564363761386164663362376630353366316636343166636338
62656235366663653032313732633936363165383563626436323864316165653163326137303662
34363632323932623761393938363862656135623030656534633831353935636662663430353966
63373936336265306666623532393133376563373266333033376131393765653032653330663739
65633834363133643735613739633935366331373937643636646166393634336530653666626132
35613733353639666134316365633538323266633937623465316333643035646536386462643261
63376631323165646335303430333130356531386666363732353635623761636536393561636638
61386636316432333964346439373866613630313261353936636537316231303564346439623235
35393232333066303737383265396164303164633365393532313237323637306161313364396334
36363064366639333631613738663139393030616237316464356637656261303665303661393064
35636566356366633039626536633765323461363336393139633262396365366138633662343237
62326337336361343566333430376563383866616565616562663863653164373338653866663136
34623238643466666538386435366534663930646565376563363166336335666437393436383633
34636530643066353131333932333430623435633962643331356635353462373631353537393438
39323461636565383430366361353062333965306139373033353733666666333834373838366132
30613931333064333261356238323134656139616134623731643265353337383939623561646334
65393963643436333533616435383736633762323266326363663035303235363431656363376433
35613866316663623266376266613436326265363034363433616166396531376437383838326361
36663962333138306538623036663335316337386564343933656263383439623163663862373037
34376435623963303835356530626135653539303566383135396535346230333733396234366136
63363434303762643430353762363034383463383036356465376234393066336236653431383630
34653162663763626631306261366439666531306261643731366631646361313138633237343631
38326334626232373735393263663234396539333330373333363365376634396331626633316138
38643861386239663966623939333739376262366430613133326366303431376664303364613231
36623264643831626433346466326562653637643263303934396565353933306637326135666562
30626434393662343162373132623732653737343661343931303532353138663436663037616238
31306333653933386261343665636234316238633831356230323262353931626536363465363236
31363764373238303665386664653537373736383638353331393339613734326365616266643064
66343233663565653837653633623633653836376662316339346335613164306165393932343063
61623261666162353330666636353666343733636130613064646564656633373664306465623538
65363938346631653631386534653232653463656331356564333265666130306630346366663130
32663763373565323161653433336137363132646539656334383139383266656338663666653739
34303861353937646235626237373734646435643363373561633465336563666634626238363133
32643536623733616530373865616561333835653137653163383966396461666131353163303963
34393830383365613761626539613566303963303463363435383433663164393038653739313139
63373834626136353865643736643931643735366230393566383835333133643237313434623734
35396136613937376636376666343739626133393339663963306431646437663565636636653334
30393462343832356136666630353966353730346231346561386234373866366136663238376262
63623333306166663234363761303039333134386563366632343434313535646338343534323534
61623231643237306633643137336563653432323164383032323462306433306631623663313566
63636436316237633561626166363336363039663038626566376365326330373963353464356331
36356336623835386166643532663263663665643238376361666363663033326365306135656561
35343432363830346338353337323136613931646433333462323534376161653666653938353532
62353436316333336538376238613631633235356130343335643931366665646664346238626162
62383132623130393334636635303062303437613337343032303134343935336265643665316130
39626538316462643230353432303534363362326237643566363931613066646235386566303861
61363465386332646630663533653666393662396265643266366461623038376330363464393533
62653535356333333239613462373034636661333761323062666436383637353165626264326135
63386237376361643531663535363265353933313261653065333937623339303137396638333436
62363164306432633763303461666634646434383662333162396538393366366238663835383734
61343761313634343238303530306439346462643264623365373562343933653866353037343237
62626162303462333165623563303432356265393234373739343865663831363730386133373938
30356331643835303231643238353435656335623739646462623263656634316235623962343435
61376631383234393034666561306461643436636432653562616462303665393836396238383333
36333837373938636634336535633561653631393437633166386638653964316632613463303937
66333563636262336638633037643436343231366462653237643130366533636238656132306365
34626530626263383064316136626532633633333035623337613061383234636136303362313462
62323863663863316464383738363730363230353834313563663332386662663865346133393337
62323363306435333364343163316134373039306230383731633230623065633138343132366534
38643034323064333337366466613039646461333830653962316430323230626263396139623162
66633033623338613130346464353262366466366139393134356531363336653437313962373233
35386666313530306165663965346461343138646363323062316533383639393330316237613639
37333033643364633265366265303131383639353162663562306334333661646164636539356565
62336361386539393734346631623833396562383631343331313235393562373666663463646365
39313437663730353038383139623438653536303264306664663939373865333035643634623734
61636163373930333333303935356363313932396365346263316534363962616330326135643961
33626534663730613932323363633065623066336662343766313439383664643433663834326439
62646565666238616237366530643037326133653238653063376238353830316639303561313331
31323735323462306336663630343566663539396662316665633734313961656631313563333966
62313635386436386534306532316338326337653338303864363335626632386633626232343536
36316631666336356437393366386532636337666536383537346635376233636331386565346261
37643630323331326263333532613036323063633166306437356434373964373765376165323864
61346466666138663566363261323764333864386238366636356565353639383230653666303364
37326537353763356134383337653631616363353264386639616462613536623666303137393731
30653661313632656437336133333736653334303739306538656332643762326237393435636366
62373061363437373030623934363233383263663930626132653163343838316465663339303933
65396134326361373339656264653562386666613736303036356234623534373631323034373033
61666462373836663337666339326462646266333262326165633134653231626235343630646465
36373764616537353362623561343761386335643037646263663236663365653762316536633838
63646166383864303861316533326631343032666531656430326666383261366266653238303866
65383736653331663132653066373530623663316234313136656364656230383634326432323666
32366537353461366461336235316631343036376164376538623365316562386637623065626139
36613538333761343664356138646538613463653637613830353836346539386531636266373039
39323830636630303137653961666531363566336561396163326639656130383236376463323561
31396336636139306635643730633265323262623534383232616134336466303139393261646638
30303463303932343435393033646330333566353761653738663761653566333230383733626339
65353331646666616165356131306363306232623163316661633636373431373037376362353064
34346530623930373932313836323437626233643038626562316434346532383565663838653261
64343561373035353037373032366361356533663962666566343965386535343161306538646566
37636462316435363362656535343762336238613637336436626664333965393234306536386639
63356461343536353166636566616339636465613765343065613261633535666637306661633533
35643731373137373631653831353664316365623839393135663139666664333762343865643662
65663932633532626664643330393136373335623864323632333632653035613831383335663233
36353861373839356130633762356237656330343133386666393337373665633433323133616233
65336630343632613364353930376136306631653965343338323836393430656364316634623838
35363539656638396239336238353063623863646238343433393432356465666235643231383564
35666562366562356531336664363937373531383763366438633233653234366361336465643366
61636165356162383061666331623036323665663736623232373362623839303763666234303966
33343333656536393762363261356661646337356237663661636665643637656539373061353132
37663064616333643037303361333165363332613662656561343934383962616136613762386534
32313430663830623766643230303335323936396139303436636434376662303538373166633539
63383666393466303937323033653264313031383162636461666137393765396162633763396565
39653161323366353035366635616561633130653333623730616530363366313264393737626238
62643331373934626330306265336265333230383737353563666364353035643835316266336136
31363663646266363233646330333534666366383530646566323435653432666363313263363963
39643631333137623563613461396633396534306434323336383934626362643634623662623437
66636637356262343934636437663761393361353065306638653766613439383630613638623536
30626362366337616662303739343033316566323136613863336430303539623661306536643032
32613236313064336262323135653531366633666466656236373533643033636233636364303762
34663361373433666563333737613665393863636365383234613663353638656236363965346632
36313531386439646530653261393038356561306338643335353961646364616563356137316430
35353761663765303663373932343738643962313231653261383037653231653765613261633465
3038633734333366313063333030363939376230663632363235
