$ANSIBLE_VAULT;1.1;AES256
34623166353333333666643035613564643562653161623232656638393131393432643936316332
3630346562633933333530316232386361613962326335660a386162343438333861616636346465
31346163633032373632373861383066336662363138383736346566613966626232623566366232
3066626233343762320a356566636465343865313066333138616538653665313133613538356437
65376333373138633134393761393162633534376166313736306434363037346161373631626233
62663238623338383864303634323839373833316630633765316535633062376266393330313234
36326261663634363663303365636362373637396331313637383532663065616366656433616163
63396437313334313032353866303837653135353135646336303336356334313431303135313732
66363437336534343139393564353461393461646664356562643962356238333031373332306530
32346364623437323731346663383137333932626265376230376331396662346232373834303030
61353163643739623436313133366134373039373931393034393830373132653961313461653131
33333930616534386636646332623436306636343163636139613263303333326235643661306137
3665
